 64.1992,-459.4341
  64.1862,-459.1932
  64.1732,-458.9491
 64.1634,-458.7082
  64.1504,-458.4641
  64.1894,-459.2421
 64.1699,-458.8514
  64.1601,-458.6594
  64.1406,-458.2687
 64.1308,-458.0767
  64.1243,-457.8814
  64.1146,-457.6893
 64.1048,-457.4940
  64.2415,-457.1294
  64.3099,-456.9504
 64.4466,-456.5858
  64.5345,-456.4491
  64.6191,-456.3124
 64.7070,-456.1757
  64.7916,-456.0357
  64.8763,-455.8990
 64.9642,-455.7622
  65.0814,-455.6060
  65.1985,-455.4530
 65.3157,-455.2967
  65.4329,-455.1438
  65.5501,-454.9875
 66.2825,-454.3527
  66.4160,-454.2258
  66.5495,-454.0956
 66.6829,-453.9686
  66.8164,-453.8384
  66.9466,-453.7115
 66.8978,-453.5259
  66.8457,-453.3404
  66.7969,-453.1581
 66.7448,-452.9725
  66.6959,-452.7870
  66.6276,-452.6405
 66.5625,-452.4973
  66.4974,-452.3508
  66.4290,-452.2075
 66.2988,-451.9146
  64.7526,-452.7186
  63.9616,-453.2687
 63.3105,-453.9849
  62.6269,-454.6815
  61.9922,-455.4139
 61.4225,-456.2017
  60.7324,-456.8885
  60.1530,-457.6633
 59.7884,-458.5617
  59.4726,-459.4797
  59.4206,-460.4497
 59.4173,-461.4230
  59.3620,-462.3931
  59.1439,-463.3404
 58.8867,-464.2811
  58.4440,-465.1437
  58.0729,-466.0422
 57.6530,-466.9113
  57.3047,-467.8163
  56.9140,-468.7082
 56.5071,-469.5904
  56.0774,-470.4595
  55.6673,-471.3384
 55.3808,-472.2661
  54.7656,-473.0116
  54.1113,-473.7310
 53.3138,-474.2518
  52.3567,-474.2811
  51.7773,-473.5585
 52.0996,-472.6796
  52.6269,-471.8625
  53.0468,-470.9868
 53.5189,-470.1405
  53.9811,-469.2844
  54.3554,-468.3892
 54.6907,-467.4777
  55.1204,-466.6086
  55.5468,-465.7329
 55.6705,-464.7727
  55.8886,-463.8319
  55.9863,-462.8684
 56.1328,-461.9081
  56.2923,-460.9478
  56.4258,-459.9908
 56.6146,-459.0435
  56.6797,-458.0734
  56.7317,-457.1001
 56.7936,-456.1301
  57.0898,-455.2088
  57.5162,-454.3365
 58.1673,-453.6171
  58.7630,-452.8553
  59.4336,-452.1522
 60.1237,-451.4654
  60.8691,-450.8436
  61.5950,-450.2023
 62.3047,-449.5383
  63.1152,-448.9947
  63.9225,-448.4543
 64.6907,-447.8586
  65.3711,-447.1685
  66.0416,-446.4621
 65.8724,-445.6809
  64.9902,-445.2740
  64.0722,-444.9745
 63.1836,-445.2967
  62.5130,-445.9966
  61.8685,-446.7225
 61.2174,-447.4452
  60.5338,-448.1353
  59.7916,-448.7635
 59.0169,-449.3430
  58.0664,-449.5025
  57.1354,-449.2811
 56.3769,-448.6789
  55.6901,-447.9888
  54.9967,-447.3085
 54.3164,-446.6119
  53.6816,-445.8794
  53.0957,-445.1014
 52.4804,-444.3527
  51.9010,-443.5747
  51.3411,-442.7805
 50.6543,-442.0904
  50.0455,-441.3319
  49.4498,-440.5669
 48.8248,-439.8247
  47.5553,-438.3599
  46.8750,-437.6665
 46.1881,-436.9764
  45.5468,-436.2473
  44.8209,-435.6027
 44.3945,-434.7694
  44.9446,-434.0109
  45.8333,-433.7896
 46.6439,-434.3104
  47.3242,-435.0038
  48.7109,-436.3710
 49.3912,-437.0643
  50.0748,-437.7544
  50.7682,-438.4348
 51.4583,-439.1216
  52.1289,-439.8280
  52.7669,-440.5572
 53.3528,-441.3352
  54.0787,-441.9764
  54.7168,-442.7089
 55.3092,-443.4803
  55.9700,-444.1900
  56.6373,-444.8996
 57.4218,-445.4595
  58.3626,-445.5376
  59.1080,-444.9322
 59.7819,-444.2323
  60.2702,-443.3957
  60.7975,-442.5852
 61.4974,-441.9113
  62.3307,-441.4556
  63.3040,-441.4393
 64.2676,-441.5402
  65.2018,-441.8169
  66.1133,-442.1555
 66.9857,-442.5787
  66.7871,-442.1783
  65.9635,-441.6639
 65.0944,-441.2277
  64.2350,-440.7785
  63.4017,-440.2805
 62.5423,-439.8247
  61.6536,-439.4341
  60.7877,-438.9947
 59.8860,-438.6333
  58.9941,-438.2525
  58.1250,-437.8195
 57.3372,-437.2531
  56.6048,-436.6151
  55.9245,-435.9185
 55.4524,-435.0754
  55.1399,-434.1574
  55.1562,-433.1874
 55.4492,-432.2596
  55.5436,-431.2928
  55.5761,-430.3195
 55.7812,-429.3723
  56.0709,-428.4445
  56.3053,-427.5038
 56.4843,-426.5500
  56.7220,-425.6060
  56.9466,-424.6587
 57.0508,-423.6952
  57.0410,-422.7186
  56.9206,-421.7583
 56.4225,-420.9250
  55.3418,-419.3039
  54.8047,-418.4966
 54.2610,-417.6861
  53.7012,-416.8918
  53.0534,-416.1691
 52.4088,-415.4400
  51.8685,-414.6294
  51.3476,-413.8091
 51.3118,-412.9107
  52.1289,-412.4875
  52.9785,-412.9530
 53.7825,-413.4999
  54.4629,-414.1835
  55.1302,-414.8898
 55.8268,-415.5734
  56.5169,-416.2570
  57.1972,-416.9504
 57.8841,-417.6405
  58.5058,-418.3827
  59.0983,-419.1509
 59.5735,-420.0005
  59.9707,-420.8827
  60.2051,-421.8267
 60.4264,-422.7740
  60.4948,-423.7440
  60.4069,-424.7076
 60.1888,-425.6516
  60.1627,-426.6249
  60.0293,-427.5852
 59.8567,-428.5422
  59.7558,-429.5090
  59.6875,-430.4790
 59.4726,-431.4296
  59.2969,-432.3833
  59.1276,-433.3404
 59.4401,-434.2095
  60.3320,-434.5871
  61.2044,-435.0103
 62.0768,-435.4400
  62.9004,-435.9576
  63.8151,-436.2798
 64.3685,-436.2440
  63.7728,-435.4856
  63.1998,-434.7010
 62.6660,-433.8872
  62.2396,-433.0148
  61.9238,-432.1066
 61.9498,-431.1366
  61.9303,-430.1665
  62.1224,-429.2160
 62.5130,-428.3241
  62.9557,-427.4615
  63.4342,-426.6151
 63.8802,-425.7525
  64.5084,-425.0135
  65.0521,-424.2095
 65.6803,-423.4706
  66.2467,-422.6796
  66.7903,-421.8690
 67.3958,-421.1138
  68.0338,-420.3814
  68.7858,-419.7662
 69.6745,-419.3951
  70.6087,-419.5936
  71.4616,-420.0591
 72.2982,-420.5474
  72.9817,-421.2342
  73.6230,-421.9667
 74.1797,-422.7642
  74.7200,-423.5715
  75.2637,-424.3788
 75.9017,-425.1145
  76.4323,-425.9250
  76.8522,-426.8007
 77.2591,-427.6828
  77.6237,-428.5878
  77.7506,-429.5448
 77.7897,-430.5181
  77.8613,-431.4784
  77.6888,-432.4354
 77.2721,-433.3078
  76.9433,-434.2225
  76.4388,-435.0526
 75.9928,-435.9152
  75.5306,-436.7681
  76.3769,-436.5760
 77.2038,-436.0650
  77.9264,-435.4172
  78.6588,-434.7792
 79.4596,-434.2258
  80.3255,-433.7896
  81.1458,-433.2655
 81.8685,-432.6210
  82.5228,-431.9016
  82.6790,-430.9576
 82.5683,-429.9908
  82.3893,-429.0337
  82.1549,-428.0930
 81.9954,-427.1359
  81.7090,-426.2115
  81.4225,-425.2805
 81.2532,-424.3234
  80.9635,-423.3957
  80.8756,-422.4289
 80.8821,-421.4556
  80.9993,-420.4921
  81.3476,-419.5871
 81.8131,-418.7375
  82.4023,-417.9628
  83.0338,-417.2238
 83.7304,-416.5500
  84.4564,-415.9055
  85.1497,-415.2219
 85.8659,-414.5676
  86.6666,-414.0109
  87.3926,-413.3697
 88.1933,-412.8130
  88.9127,-412.1620
  89.6289,-411.5044
 90.3678,-410.8794
  91.2597,-410.9673
  91.8554,-411.7160
 91.7252,-412.6568
  91.3216,-413.5422
  90.8008,-414.3625
 90.2441,-415.1633
  89.5801,-415.8697
  88.9453,-416.6053
 88.3756,-417.3931
  87.6823,-418.0734
  86.9922,-418.7603
 86.2467,-419.3820
  85.4427,-419.9289
  84.6940,-420.5474
 84.3880,-421.4361
  84.5898,-422.3866
  84.9414,-423.2915
 85.1888,-424.2258
  85.3483,-425.1796
  85.5143,-426.1398
 85.7389,-427.0871
  85.8333,-428.0507
  85.8398,-429.0240
 85.9082,-429.9940
  85.9180,-430.9673
  85.7324,-431.9211
 85.4948,-432.8651
  85.1888,-433.7863
  84.6647,-434.6034
 84.0267,-435.3358
  83.3789,-436.0585
  82.6465,-436.6932
 81.8392,-437.2369
  81.0644,-437.8163
  80.2213,-438.3013
 79.3522,-438.7310
  78.4831,-439.1704
  77.6497,-439.6652
 76.8294,-440.1926
  76.2370,-440.7688
  77.0117,-441.3124
 77.7995,-441.8788
  78.4928,-442.5624
  79.1081,-443.3078
 79.6972,-444.0826
  80.3906,-444.7629
  81.1458,-445.3619
 81.9954,-445.1014
  82.6888,-444.4178
  83.3691,-443.7245
 83.9518,-442.9465
  84.6028,-442.2238
  85.2637,-441.5109
 85.9538,-440.8273
  86.6471,-440.1438
  87.3307,-439.4537
 88.0892,-438.8514
  88.8900,-438.2948
  89.6191,-437.6535
 90.4362,-437.1262
  91.3086,-436.6997
  92.1224,-436.1626
 92.9297,-435.6190
  93.6914,-435.0233
  94.4596,-434.4244
 95.2669,-433.8840
  96.0807,-433.3501
  96.9271,-432.8781
 97.8353,-432.5754
  98.5221,-433.1971
  98.3659,-434.0891
 97.7051,-434.7987
  97.0117,-435.4823
  96.3021,-436.1431
 95.5371,-436.7388
  94.7949,-437.3671
  94.1113,-438.0604
 93.3691,-438.6887
  92.6855,-439.3755
  91.9206,-439.9777
 91.2077,-440.6353
  90.5176,-441.3221
  89.7819,-441.9569
 89.0592,-442.6047
  88.3333,-443.2492
  87.5683,-443.8482
 86.8815,-444.5350
  86.1556,-445.1763
  85.5078,-445.9022
 84.8437,-446.6086
  84.2903,-447.4094
  83.7337,-448.2102
 83.0469,-448.8938
  82.2363,-449.4276
  81.2890,-449.5025
 80.4199,-449.0858
  79.7135,-448.4185
  79.0462,-447.7121
 78.4831,-446.9178
  77.8255,-446.2017
  77.0605,-445.6092
 76.2337,-445.0917
  75.3027,-444.8378
  74.3782,-445.1112
 73.4798,-445.4660
  73.2064,-446.2603
  73.8183,-447.0025
 74.5443,-447.6438
  75.2767,-448.2850
  76.0612,-448.8579
 76.8685,-449.4016
  77.6334,-449.9973
  78.3170,-450.6906
 79.0104,-451.3742
  79.6387,-452.1132
  80.3255,-452.8000
 80.9180,-453.5715
  81.4518,-454.3853
  81.8522,-455.2642
 82.0801,-456.2115
  82.2200,-457.1717
  82.4153,-458.1255
 82.4902,-459.0956
  82.4935,-460.0689
  82.5000,-461.0422
 82.5976,-462.0057
  82.8320,-462.9530
  83.0696,-463.8970
 83.3040,-464.8410
  83.5417,-465.7850
  83.7825,-466.7290
 84.1178,-467.6405
  84.4564,-468.5487
  84.9805,-469.3690
 85.5371,-470.1665
  86.1816,-470.8925
  86.7838,-471.6509
 87.4088,-472.3964
  88.0143,-473.1516
  88.3854,-474.0500
 88.2226,-474.9419
  87.3698,-475.2544
  86.5527,-474.7336
 85.7975,-474.1314
  85.0683,-473.4934
  84.2936,-472.9009
 83.6523,-472.1750
  82.9590,-471.4947
  82.2754,-470.8013
 81.7285,-470.0005
  81.3346,-469.1119
  81.0644,-468.1776
 80.8301,-467.2336
  80.5924,-466.2896
  80.3581,-465.3456
 80.0944,-464.4081
  79.7624,-463.4966
  79.5280,-462.5494
 79.3587,-461.5923
  79.1992,-460.6320
  79.0885,-459.6685
 79.0430,-458.6952
  79.0267,-457.7219
  78.8802,-456.7616
 78.5644,-455.8469
  78.0436,-455.0331
  77.3893,-454.3202
 76.6178,-453.7310
  75.8659,-453.1190
  75.0260,-452.6372
 74.2643,-452.0285
  73.4212,-451.6444
  73.0013,-452.4452
 72.6855,-454.2941
  72.9362,-454.4960
  73.1901,-454.6945
 73.4407,-454.8996
  72.8385,-454.4146
  73.1380,-454.6555
 73.2910,-454.7759
  73.4407,-454.8996
  73.5644,-455.0461
 73.6914,-455.1926
  73.8151,-455.3391
  73.9388,-455.4888
 74.0657,-455.6353
  74.1699,-455.8013
  74.3782,-456.1268
 74.4857,-456.2928
  74.5898,-456.4556
  74.6582,-456.6379
 74.7265,-456.8169
  74.9316,-457.3638
  75.0879,-457.8195
 75.1693,-458.0507
  75.2474,-458.2785
  75.2864,-458.6691
 75.3060,-458.8612
  75.3255,-459.0565
  75.3450,-459.2486
 75.3320,-459.4439
  75.3223,-459.6359
  75.3092,-459.8313
 75.2995,-460.0233
  75.2864,-460.2186
  75.2539,-460.4074
 75.1562,-460.9836
  75.1237,-461.1724
  75.0065,-461.5435
 74.9446,-461.7258
  74.8861,-461.9113
  74.8242,-462.0969
 74.8633,-462.2824
  74.8991,-462.4647
  74.9381,-462.6535
 74.9739,-462.8358
  75.0130,-463.0246
  76.0840,-464.6457
 76.6081,-465.4693
  76.8555,-466.3938
  76.7090,-467.3508
 76.3639,-468.2557
  75.9277,-469.1216
  75.3223,-469.8768
 74.5280,-470.3684
  74.1797,-470.0689
  73.8281,-469.7694
 73.8509,-467.8651
  73.6230,-466.9374
  73.1282,-466.1008
 72.3763,-465.5376
  71.4551,-465.7622
  70.5371,-466.0585
 69.5703,-466.0259
  67.8125,-465.2284
  66.8880,-465.2902
 66.3867,-466.1138
  66.1198,-467.0448
  66.0482,-468.0116
 66.0351,-468.9849
  65.7682,-469.8964
  65.0749,-470.5734
 64.1992,-470.3619
  62.9297,-468.9003
  62.4805,-468.0474
 62.3405,-467.0871
  62.3568,-466.1138
  62.6335,-465.1926
 63.1706,-464.3820
  63.7956,-463.6431
  64.4759,-462.9465
 65.0683,-462.1848
  64.8991,-461.2473
  64.1992,-459.4341
