 90.6022,-269.4341
  90.9733,-269.3234
  91.1621,-269.2909
 91.3509,-269.2551
  91.7350,-269.2290
  92.1159,-269.1965
 92.3079,-269.1704
  92.4967,-269.1412
  92.8809,-269.0923
 93.2617,-269.0467
  93.4538,-269.0402
  93.6458,-269.0304
 94.0299,-269.0336
  94.4141,-269.0434
  94.6061,-269.0630
 94.7982,-269.0793
  95.1660,-269.1899
  95.4948,-269.3852
 95.6315,-269.5187
  95.7715,-269.6489
  96.0091,-269.9484
 96.2077,-270.2804
  96.4030,-270.6124
  96.6243,-270.9249
 96.8587,-271.2277
  96.9531,-271.3970
  97.0475,-271.5630
 97.1940,-271.9178
  97.1680,-272.2954
  96.9141,-273.0115
 96.6927,-273.3240
  96.3770,-273.5389
  96.0514,-273.7375
 95.6966,-273.8872
  95.3320,-274.0109
  94.9642,-274.1313
 94.6029,-274.2583
  94.2415,-274.3983
  93.9128,-274.5968
 93.5579,-274.7466
  93.1999,-274.8865
  92.8809,-275.0949
 92.6074,-275.3618
  90.9733,-276.9959
  90.6966,-277.2661
 90.4102,-277.5233
  90.0781,-277.7121
  89.7135,-277.8390
 89.3457,-277.9497
  88.9714,-278.0311
  88.5872,-278.0474
 88.2031,-278.0343
  87.8190,-277.9985
  87.4609,-277.8618
 87.1061,-277.7153
  86.7806,-277.5070
  86.4583,-277.2987
 86.1751,-277.0382
  85.9017,-276.7681
  85.6185,-276.5044
 85.3027,-276.2928
  84.9772,-276.0845
  84.6484,-275.8891
 84.3555,-275.6385
  84.0788,-275.3716
  83.7858,-275.1209
 83.4603,-274.9191
  83.1738,-274.6652
  82.9004,-274.3918
 82.6270,-274.1216
  82.3568,-273.8481
  82.0833,-273.5747
 81.8197,-273.2947
  81.6016,-272.9822
  81.4453,-272.6307
 81.2533,-272.2987
  81.0579,-271.9666
  80.8105,-271.6737
 80.5339,-271.4067
  80.2409,-271.1561
  79.8893,-271.0031
 79.5215,-270.8794
  79.1602,-270.7557
  78.7988,-270.6190
 78.4668,-270.4269
  78.1152,-270.2739
  77.7507,-270.1535
 77.3828,-270.0330
  77.0117,-269.9256
  76.6341,-269.8638
 76.2533,-269.8084
  75.8691,-269.7726
  75.4850,-269.7661
 74.7168,-269.7661
  74.3294,-269.7628
  73.9453,-269.7563
 73.5612,-269.7238
  73.1803,-269.6684
  72.7995,-269.6196
 72.4186,-269.5838
  72.0345,-269.6066
  71.6536,-269.6619
 71.2728,-269.7140
  70.8887,-269.7531
  70.5046,-269.7661
 64.3457,-269.7661
  63.9583,-269.7628
  63.5742,-269.7595
 63.1901,-269.7465
  62.8092,-269.6814
  62.4284,-269.6358
 62.0475,-269.5804
  61.6634,-269.5544
  61.2793,-269.5479
 60.8919,-269.5284
  60.5208,-269.4340
  60.1725,-269.2745
 59.8340,-269.0922
  59.4694,-268.9685
  59.0918,-268.8936
 58.7402,-268.7439
  58.3887,-268.5909
  58.0241,-268.4672
 57.6628,-268.3305
  57.3307,-268.1449
  56.9954,-267.9528
 56.6927,-267.7152
  56.0677,-267.2725
  55.7910,-267.0056
 55.5176,-266.7321
  55.2409,-266.4652
  54.9512,-266.2113
 54.6224,-266.0127
  54.3197,-265.7784
  53.9876,-265.5863
 53.6328,-265.4366
  53.3073,-265.2315
  52.9753,-265.0394
 52.6335,-264.8637
  52.2721,-264.7367
  51.9043,-264.6195
 51.5332,-264.5219
  51.1621,-264.4275
  50.8138,-264.2647
 50.4525,-264.1345
  50.0814,-264.0336
  49.6973,-263.9978
 48.9290,-263.9848
  48.5449,-263.9457
  48.1608,-263.9685
 47.7767,-263.9945
  47.3926,-264.0010
  47.0085,-264.0173
 46.6309,-264.0922
  46.2630,-264.2028
  45.8887,-264.2940
 45.5078,-264.3363
  45.1237,-264.3721
  44.7591,-264.2940
 44.4759,-264.0433
  44.2839,-263.7113
  44.1406,-263.3630
 44.1927,-262.9984
  44.7038,-262.4255
  44.9837,-262.1618
 45.2962,-261.9405
  45.6120,-261.7256
  45.9147,-261.4847
 46.2565,-261.3090
  46.6146,-261.1853
  46.9987,-261.1495
 47.3763,-261.0941
  47.7474,-260.9899
  48.1152,-260.8728
 48.4863,-260.7686
  48.8672,-260.7263
  49.2480,-260.6644
 49.6322,-260.6416
  50.0163,-260.6448
  50.4004,-260.6579
 50.7813,-260.7132
  51.1654,-260.7458
  51.5495,-260.7620
 51.9303,-260.8174
  52.3145,-260.8467
  52.6986,-260.8467
 53.0859,-260.8369
  53.4635,-260.7880
  53.8053,-260.6253
 54.0723,-260.3518
  54.2480,-260.0133
  54.3717,-259.6487
 54.4922,-259.2841
  54.6159,-258.9163
  54.7363,-258.5517
 54.9837,-257.8226
  55.1335,-257.4677
  55.3092,-257.1292
 55.3711,-256.7548
  55.3158,-256.3772
  55.1400,-256.0387
 54.9707,-255.6936
  54.7982,-255.3518
  54.5475,-255.0621
 54.2773,-254.7887
  54.0104,-254.5087
  53.7858,-254.1995
 53.5840,-253.8707
  53.3887,-253.5387
  53.1478,-253.2425
 52.8743,-252.9690
  52.3340,-252.4222
  52.0736,-252.1390
 51.8815,-251.8102
  51.7578,-251.4456
  51.6862,-251.0712
 51.8652,-250.3226
  51.9336,-249.9449
  51.9564,-249.5608
 52.0020,-249.1800
  52.0931,-248.8056
  52.1549,-248.4280
 52.2135,-248.0472
  52.2526,-247.6630
  52.2721,-247.2789
 52.3210,-246.8981
  52.3763,-246.5172
  52.4544,-246.1396
 52.5944,-245.7815
  52.8320,-245.4821
  53.1055,-245.2119
 53.3822,-244.9417
  53.6784,-244.7008
  54.0202,-244.5218
 54.3783,-244.3916
  54.7559,-244.3232
  55.1400,-244.2776
 55.5208,-244.2483
  55.8919,-244.1539
  56.2695,-244.0856
 56.6504,-244.1116
  56.9857,-244.2874
  57.2428,-244.5739
 57.4186,-244.9091
  57.3958,-245.2835
  57.2461,-245.6351
 57.0020,-245.9313
  56.7350,-246.2080
  56.4844,-246.5009
 56.3411,-246.8558
  56.2630,-247.2334
  56.2435,-247.6175
 56.2467,-248.0016
  56.2533,-248.3890
  56.2760,-248.7698
 56.3770,-249.1442
  56.5527,-249.4795
  56.8132,-249.7659
 57.0996,-250.0198
  57.4284,-250.2184
  57.7214,-250.4658
 58.0078,-250.7262
  58.3333,-250.9248
  58.6263,-251.1754
 58.8770,-251.4651
  59.2188,-251.4293
  59.4987,-251.1689
 59.7070,-250.8466
  59.9414,-250.5439
  60.2181,-250.2737
 60.5013,-250.0133
  60.8236,-249.8050
  61.0872,-249.5315
 61.2956,-249.2093
  61.5397,-248.9098
  61.7383,-248.5843
 61.9857,-248.2880
  62.2526,-248.0114
  62.5098,-247.7249
 62.6986,-247.3896
  62.9037,-247.0641
  63.1218,-246.7483
 63.3887,-246.4716
  63.6686,-246.2080
  63.9876,-245.9964
 64.3262,-245.8141
  64.6973,-245.7229
  65.0749,-245.6416
 65.4492,-245.5602
  65.8333,-245.5537
  66.2077,-245.6188
 66.5169,-245.8434
  66.7871,-246.1136
  67.0508,-246.3968
 67.2494,-246.7190
  67.2591,-247.0901
  66.8848,-247.7542
 66.6341,-248.0439
  66.4974,-248.1806
  66.3639,-248.3174
 66.0970,-248.5973
  65.8659,-248.9033
  65.7650,-249.0661
 65.6673,-249.2321
  65.4753,-249.5641
  65.3711,-249.7269
 65.2702,-249.8896
  65.0781,-250.2249
  64.8958,-250.5602
 64.8307,-250.7425
  64.7656,-250.9215
  64.6517,-251.2894
 64.5931,-251.6670
  64.6354,-251.8558
  64.6777,-252.0413
 64.8145,-252.4026
  64.9186,-252.5621
  65.0195,-252.7249
 65.2832,-253.0016
  65.5534,-253.2783
  65.6836,-253.4183
 65.8138,-253.5615
  66.0156,-253.8870
  66.2468,-254.1963
 66.3509,-254.3525
  66.4551,-254.5120
  66.5951,-254.8733
 66.6537,-255.0556
  66.7155,-255.2379
  66.8327,-255.6058
 66.9238,-255.9769
  66.9694,-256.3610
  67.0247,-256.7418
 67.0475,-257.1259
  67.0410,-257.5101
  67.1159,-257.8584
 67.2852,-257.8714
  67.4577,-257.8844
  67.7897,-257.6891
 67.9655,-257.6175
  68.1445,-257.5459
  68.5091,-257.4254
 68.6914,-257.3636
  68.8770,-257.3017
  69.0593,-257.2431
 69.2415,-257.1813
  69.6061,-257.0608
  69.7917,-257.0055
 69.9740,-256.9469
  70.3516,-256.8655
  70.5404,-256.8362
 70.7292,-256.8037
  71.1003,-256.7060
  71.4714,-256.5986
 71.6602,-256.5661
  71.8490,-256.5368
  72.2266,-256.4651
 72.4154,-256.4163
  72.6009,-256.3675
  72.7930,-256.3447
 72.9818,-256.3219
  73.3626,-256.2601
  73.7468,-256.2340
 74.9024,-256.2340
  75.2865,-256.2308
  75.4785,-256.2275
 75.6706,-256.2275
  76.0580,-256.2080
  76.2402,-256.1592
 76.4258,-256.1136
  76.5365,-255.9736
  76.6504,-255.8304
 76.6764,-255.4495
  76.6113,-255.0719
  76.5430,-254.6943
 76.3867,-254.3395
  76.2858,-253.9717
  76.2370,-253.5908
 76.1914,-253.2099
  76.1817,-253.0179
  76.1751,-252.8258
 76.1751,-250.8987
  76.1817,-250.5146
  76.1882,-250.3226
 76.1979,-250.1305
  76.2728,-249.7529
  76.3932,-249.3883
 76.6406,-248.6592
  76.7741,-248.2978
  76.9564,-247.9593
 77.0280,-247.7803
  77.0996,-247.6045
  77.1485,-247.2204
 77.2429,-246.8493
  77.3666,-246.4847
  77.5033,-246.1234
 77.7051,-245.8011
  77.9688,-245.5211
  78.2422,-245.2510
 78.3822,-245.1142
  78.5189,-244.9808
  78.8086,-244.7301
 79.1569,-244.5641
  79.5052,-244.4013
  79.8438,-244.2223
 80.2051,-244.0921
  80.5729,-243.9847
  80.7650,-243.9521
 80.9538,-243.9228
  81.3184,-243.8056
  81.6992,-243.8023
 82.0638,-243.9163
  82.3926,-244.1116
  82.6660,-244.3818
 82.8776,-244.6975
  82.9492,-245.0686
  82.8646,-245.4332
 82.6791,-245.7718
  82.4479,-246.0777
  82.1778,-246.3512
 81.9076,-246.6279
  81.6537,-246.9176
  81.4811,-247.2594
 81.4518,-247.5979
  82.0378,-247.1162
  82.3014,-246.8362
 82.5261,-246.5270
  82.7474,-246.2112
  83.0143,-245.9345
 83.3008,-245.6773
  83.6263,-245.4820
  83.9909,-245.3648
 84.3718,-245.3160
  84.7559,-245.2737
  85.1335,-245.3421
 85.4948,-245.4755
  85.8236,-245.6676
  86.0840,-245.9475
 86.2370,-246.2991
  86.2695,-246.6734
  86.1231,-247.0218
 85.9278,-247.3538
  85.7031,-247.6663
  85.4720,-247.9723
 85.3744,-248.1383
  85.2735,-248.3010
  85.0847,-248.6363
 84.8796,-248.9619
  84.7038,-249.3037
  84.5899,-249.6650
 84.5801,-249.8570
  84.5671,-250.0491
  84.5671,-251.2047
 84.5638,-251.5888
  84.5606,-251.7809
  84.5606,-251.9762
 84.5410,-252.3603
  84.4792,-252.7379
  84.4336,-253.1220
 84.3783,-253.5029
  84.3587,-253.8870
  84.3587,-254.6552
 84.3620,-255.0426
  84.3750,-255.4267
  84.4043,-255.6155
 84.4336,-255.8076
  84.4662,-256.1884
  84.4922,-256.5758
 84.5996,-256.9404
  84.8535,-257.2268
  85.5339,-257.5719
 85.7162,-257.6337
  85.8952,-257.6988
  86.2468,-257.8551
 86.5397,-258.1025
  86.8132,-258.3759
  86.9466,-258.5126
 87.0801,-258.6526
  87.3177,-258.9553
  87.4186,-259.1148
 87.5228,-259.2776
  87.6432,-259.4273
  87.7637,-259.5803
 87.9297,-259.9221
  87.9981,-260.1044
  88.0632,-260.2867
 88.2292,-260.6285
  88.3171,-260.8010
  88.4082,-260.9703
 88.5384,-261.3316
  88.6003,-261.5139
  88.6589,-261.6962
 88.7793,-262.0641
  88.8346,-262.2464
  88.8867,-262.4319
 88.9225,-262.6207
  88.9551,-262.8095
  88.9616,-263.1936
 88.9356,-263.5777
  88.8932,-263.9586
  88.9128,-264.3427
 88.9583,-264.7236
  88.9714,-265.1077
  88.9746,-265.4951
 88.9746,-265.6871
  88.9779,-265.8792
  88.9909,-266.2633
 89.0495,-266.6409
  89.1244,-266.8167
  89.2025,-266.9925
 89.2871,-267.3668
  89.3132,-267.5556
  89.3425,-267.7477
 89.3848,-268.1285
  89.3913,-268.3206
  89.4011,-268.5126
 89.4271,-268.8968
  89.4922,-269.0725
  89.5606,-269.2483
 89.7038,-269.3688
  89.8503,-269.4892
  90.6022,-269.4339
