 120.0814,-453.0767
  119.6126,-454.0174
  119.1471,-454.9582
 118.7467,-455.9250
  118.4277,-456.9243
  118.1478,-457.9367
 117.9004,-458.9556
  117.7865,-460.0005
  117.6367,-461.0389
 117.5423,-462.0871
  117.5000,-463.1385
  117.4089,-464.1835
 117.2787,-465.2251
  117.1094,-466.2603
  117.0833,-467.3150
 117.0800,-468.3664
  117.0572,-469.4146
  116.9400,-470.4628
 116.6927,-471.4816
  116.5136,-472.5135
  116.3183,-473.5422
 116.1002,-474.5643
  115.5306,-475.4335
  114.5768,-475.8111
 113.8313,-475.0786
  113.6555,-474.0467
  113.5514,-473.0018
 113.6262,-471.9569
  113.6848,-470.9087
  113.6328,-469.8573
 113.6328,-468.8059
  113.6426,-467.7544
  113.7142,-466.7063
 113.7435,-465.6548
  113.7923,-464.6066
  113.9290,-463.5650
 113.8834,-462.5135
  113.9323,-461.4686
  114.0722,-460.4270
 114.2155,-459.3885
  114.4140,-458.3566
  114.5638,-457.3182
 114.8112,-456.2994
  115.0163,-455.2707
  115.3678,-454.2844
 115.7031,-453.2915
  116.0091,-452.2889
  116.3737,-451.3059
 116.7806,-450.3391
  117.2038,-449.3788
  117.6204,-448.4185
 117.0540,-448.3046
  115.3906,-449.5741
  114.7591,-450.4107
 114.2252,-451.3124
  113.9909,-451.7811
  113.7565,-452.2531
 113.3203,-453.2004
  112.9622,-454.1867
  112.6009,-455.1731
 112.4349,-455.6711
  112.2721,-456.1691
  111.9857,-457.1783
 111.7708,-458.2069
  111.5104,-459.2225
  111.4290,-459.7401
 111.3476,-460.2609
  111.1295,-461.2863
  110.9375,-462.3182
 110.6510,-463.3273
  110.5143,-464.3690
  110.1497,-465.3488
 109.8860,-466.3645
  109.6094,-467.3736
  109.4791,-467.8814
 109.3489,-468.3925
  109.0429,-469.3918
  108.4310,-470.2316
 107.4479,-470.2642
  106.7643,-469.4895
  106.5495,-468.4738
 106.6536,-467.4322
  106.8196,-466.3938
  106.8489,-465.3423
 106.9140,-464.2941
  107.1452,-463.2720
  107.2949,-462.2369
 107.4870,-461.2115
  107.7181,-460.1861
  107.9199,-459.1542
 108.0664,-458.1125
  108.3333,-457.0969
  108.5612,-456.0715
 108.8704,-455.0689
  109.0169,-454.5676
  109.1634,-454.0630
 109.4954,-453.0669
  109.8307,-452.0708
  110.1888,-451.0878
 110.6966,-450.1698
  111.2109,-449.2648
  111.7936,-448.4022
 112.4544,-447.5917
  113.1640,-446.8234
  113.9551,-446.1398
 114.8079,-445.5279
  115.6087,-444.8540
  116.4323,-444.2063
 117.2363,-443.5389
  118.1185,-442.9725
  118.9518,-442.3410
 119.3750,-441.4491
  118.7337,-440.7460
  117.7799,-440.3065
 116.8034,-439.9224
  115.9375,-439.3365
  115.0944,-438.7147
 114.3327,-437.9953
  113.5905,-437.2531
  112.8580,-436.5077
 112.2168,-435.6776
  111.5885,-434.8378
  110.8594,-434.0826
 110.2083,-433.2655
  109.5410,-432.4582
  108.8639,-431.6574
 108.2357,-430.8273
  107.6790,-429.9387
  107.2884,-428.9686
 106.8554,-428.0116
  106.4941,-427.0285
  106.1133,-426.0519
 105.7422,-425.0689
  105.5729,-424.0337
  105.3125,-423.0213
 104.9837,-422.0220
  104.7070,-421.0096
  104.3424,-420.0266
 104.2936,-419.0012
  104.6517,-418.6398
  105.0065,-418.2785
 105.9765,-418.4706
  106.6666,-419.2551
  106.9531,-419.6945
 107.2363,-420.1340
  107.6888,-421.0715
  107.9199,-421.5435
 108.1478,-422.0122
  108.5286,-422.9888
  108.7630,-423.4608
 108.9974,-423.9296
  109.4694,-424.8671
  109.7135,-425.3325
 109.9577,-425.7948
  110.5306,-426.6704
  110.7649,-427.1392
 111.0026,-427.6079
  111.5332,-428.5129
  111.8392,-428.9393
 112.1452,-429.3625
  112.7506,-430.2186
  113.0241,-430.6646
 113.2942,-431.1138
  113.9225,-431.9536
  114.2903,-432.3280
 114.6549,-432.7056
  115.4752,-433.3501
  115.9147,-433.6333
 116.3574,-433.9133
  117.3047,-434.3690
  117.3893,-434.1249
 117.4772,-433.8807
  117.0084,-432.9400
  116.5397,-432.0025
 116.0774,-431.0617
  115.6966,-430.0819
  115.1627,-429.1835
 114.7363,-428.2297
  114.3978,-427.2401
  113.9323,-426.3059
 113.5547,-425.3293
  113.3886,-424.8313
  113.2194,-424.3365
 112.8711,-423.3469
  112.5455,-422.3540
  112.3665,-421.3156
 112.3535,-420.2642
  112.4316,-419.2160
  112.4479,-418.1646
 112.4544,-417.1132
  112.5065,-416.0650
  112.6009,-415.5474
 112.6920,-415.0298
  112.8645,-413.9947
  112.9850,-412.9497
 113.1966,-411.9211
  113.4798,-410.9120
  113.5937,-410.4009
 113.7109,-409.8866
  113.9095,-408.8612
  114.3424,-407.9042
 114.7005,-406.9178
  115.1334,-405.9673
  115.2864,-405.4628
 115.4362,-404.9615
  115.6803,-403.9458
  116.2174,-403.0539
 117.0735,-402.4842
  117.5000,-402.7675
  117.9231,-403.0507
 118.2845,-404.0142
  118.1738,-405.0461
  117.9394,-406.0650
 117.7148,-407.0904
  117.5228,-408.1223
  117.4511,-408.6398
 117.3795,-409.1607
  117.1093,-410.1731
  117.0735,-411.2245
 116.9694,-412.2662
  116.7773,-413.2948
  116.7675,-413.8221
 116.7577,-414.3462
  116.7577,-416.4491
  116.7610,-417.5038
 116.7610,-418.5552
  116.7773,-419.6066
  116.8652,-420.1210
 116.9563,-420.6353
  117.2135,-421.6509
  117.5260,-422.6535
 117.8515,-423.6496
  118.2193,-424.6294
  118.4374,-425.1079
 118.6523,-425.5865
  119.0169,-426.5695
  119.4042,-427.5461
 119.7525,-428.5357
  120.2799,-429.4406
  120.4947,-429.2746
 120.7063,-429.1119
  120.9146,-428.0865
  120.9472,-427.5624
 120.9765,-427.0383
  121.1262,-426.5370
  121.2792,-426.0357
 121.5982,-425.0396
  122.0572,-424.0988
  122.2656,-423.6171
 122.4706,-423.1353
  122.7734,-422.7056
  123.0761,-422.2792
 123.4374,-421.9016
  123.8020,-421.5240
  124.5507,-420.7915
 125.4101,-420.1991
  125.8886,-419.9875
  126.3704,-419.7694
 127.3730,-419.8215
  128.2324,-420.4204
  128.6393,-420.7460
 129.0494,-421.0715
  129.7688,-421.8267
  130.0976,-422.2336
 130.4296,-422.6405
  130.7486,-423.0572
  131.0709,-423.4706
 131.7285,-424.2779
  131.9303,-424.7629
  132.1288,-425.2447
 132.3372,-425.7297
  132.5423,-426.2115
  132.9166,-427.1913
 133.0501,-427.6958
  133.1835,-428.2037
  133.2193,-428.7245
 133.2551,-429.2486
  133.2714,-430.3033
  133.3202,-430.8273
 133.3691,-431.3482
  133.5676,-431.6639
  133.7695,-431.9764
 134.4205,-431.1594
  135.0292,-430.3065
  135.5338,-429.3918
 135.7682,-428.9198
  136.0025,-428.4510
  136.4160,-427.4875
 136.7480,-426.4914
  136.9075,-425.9901
  137.0670,-425.4921
 137.3307,-424.4764
  137.5195,-423.4445
  137.7506,-422.4224
 137.8059,-421.9016
  137.8645,-421.3775
  137.8906,-420.3260
 137.8873,-419.2746
  137.8840,-418.7505
  137.8807,-418.2232
 137.8025,-417.1750
  137.6105,-416.1431
  137.5193,-415.1014
 137.5226,-414.5773
  137.5226,-414.0533
  137.4575,-413.0018
 137.4510,-411.9504
  137.4217,-411.4263
  137.3892,-410.9022
 137.1613,-409.8801
  137.0474,-408.8384
  136.9823,-407.7837
 136.8488,-407.2792
  136.7153,-406.7714
  136.5493,-405.7427
 137.0506,-404.8573
  137.5259,-404.7076
  137.9979,-404.5546
 138.8345,-405.1600
  139.4530,-405.9966
  139.7915,-406.9927
 140.0552,-408.0083
  140.3807,-409.0044
  140.7127,-410.0005
 140.8625,-410.5018
  141.0155,-411.0031
  141.2010,-412.0383
 141.2922,-413.0865
  141.3410,-414.1346
  141.3605,-415.1861
 141.4419,-416.2375
  141.4614,-417.2857
  141.5070,-417.8098
 141.5526,-418.3306
  141.6437,-419.3788
  141.6633,-420.4302
 141.6763,-421.4816
  141.7512,-422.5298
  141.7707,-423.5813
 141.7674,-424.1086
  141.7674,-424.6327
  141.7544,-425.6841
 141.6307,-426.7225
  141.2368,-427.6958
  140.9633,-428.7082
 140.5174,-429.6587
  139.9868,-430.5604
  139.6743,-430.9836
 139.3585,-431.4035
  138.7107,-432.2206
  137.9979,-432.9888
 137.3143,-433.7831
  136.6274,-434.5741
  136.0512,-435.4074
 136.4549,-435.2382
  136.8618,-435.0689
  137.6658,-434.4016
 138.4764,-433.7375
  139.2446,-433.0279
  139.6189,-432.6568
 141.4712,-430.8046
  141.8357,-430.4270
  142.2003,-430.0526
 142.8286,-429.2128
  143.3559,-428.3046
  143.6033,-427.8456
 143.8507,-427.3833
  144.4269,-426.5077
  144.9835,-425.6190
 145.3644,-424.6425
  145.5890,-424.1704
  145.8136,-423.6952
 146.1945,-422.7219
  146.5949,-421.7486
  146.7283,-421.2408
 146.8585,-420.7329
  147.2524,-419.7629
  147.5161,-418.7473
 147.6886,-418.2525
  147.8611,-417.7544
  148.3657,-416.8430
 149.2381,-416.3579
  150.0063,-417.0350
  150.1886,-418.0214
 149.9314,-419.0402
  149.7589,-420.0754
  149.6385,-421.1203
 149.4139,-422.1457
  149.2576,-422.6470
  149.1046,-423.1483
 148.8702,-424.1737
  148.4568,-425.1307
  148.1183,-426.1236
 147.8839,-427.1457
  147.4445,-428.0995
  146.9725,-429.0370
 146.4386,-429.9387
  145.8234,-430.7915
  145.5076,-431.2050
 145.1951,-431.6216
  144.5538,-432.4517
  143.9256,-433.2915
 143.1964,-434.0467
  142.5454,-434.8638
  142.1840,-435.2414
 141.8195,-435.6223
  141.0187,-436.2928
  140.2179,-436.9667
 139.3976,-437.6210
  138.6424,-438.3469
  138.2192,-438.6594
 137.7993,-438.9719
  136.9692,-439.6034
  136.1359,-440.2382
 135.2407,-440.7883
  134.4952,-441.4523
  134.8436,-441.8104
 135.1951,-442.1652
  136.0708,-442.7382
  137.0018,-443.2232
 137.8546,-443.8221
  138.6782,-444.4732
  139.4464,-445.1828
 140.2667,-445.8306
  140.9113,-446.6607
  141.5363,-447.5005
 142.2459,-448.2753
  142.7863,-449.1704
  143.3624,-450.0461
 143.9419,-450.9185
  144.4464,-451.8332
  144.7882,-452.8228
 145.2081,-453.7863
  145.3904,-454.2746
  145.5727,-454.7662
 145.9015,-455.7622
  146.1749,-456.7746
  146.3084,-457.8195
 146.6111,-458.8221
  146.8130,-459.8540
  146.9399,-460.8925
 147.0083,-461.9406
  147.1189,-462.4517
  147.2296,-462.9660
 147.2687,-464.0175
  147.2687,-467.1717
  147.2752,-468.2232
 147.2850,-469.2714
  146.8683,-470.2056
  146.4256,-470.4563
 145.9829,-470.7037
  145.1756,-470.0917
  144.8045,-469.1379
 144.7589,-468.0865
  144.4822,-467.0904
  144.2934,-466.0617
 144.2218,-465.0168
  143.9614,-464.0012
  143.8182,-462.9563
 143.6131,-461.9276
  143.4015,-460.8990
  143.1151,-459.8898
 142.7863,-458.8938
  142.5161,-457.8781
  142.1190,-456.9081
 141.7869,-455.9152
  141.4549,-454.9191
  141.0871,-453.9393
 140.6053,-453.0051
  140.0194,-452.1359
  139.4302,-451.2701
 139.1437,-450.8306
  138.8572,-450.3944
  138.2030,-449.5773
 137.4608,-448.8352
  136.6958,-448.1190
  135.7974,-447.5787
 134.9119,-447.0188
  133.9744,-446.5435
  133.8117,-446.6639
 133.6457,-446.7844
  134.8078,-448.5259
  135.5011,-449.3104
 136.0252,-450.2154
  136.5330,-451.1171
  136.9725,-452.0676
 137.4445,-453.0083
  137.9132,-453.9491
  138.3625,-454.8964
 138.7010,-455.8892
  139.0265,-456.8885
  139.2739,-457.9074
 139.4757,-458.9393
  139.6645,-459.9712
  139.7329,-461.0194
 139.8338,-462.0643
  139.9282,-463.1125
  139.8631,-464.1574
 139.7362,-465.1991
  139.7199,-466.2505
  139.7199,-467.3052
 139.7101,-468.3534
  139.6352,-469.4016
  139.5734,-470.4530
 139.3260,-471.4719
  139.1892,-472.5103
  139.1274,-473.5585
 138.5805,-474.4178
  137.6658,-474.6262
  136.9399,-473.8807
 136.7055,-472.8749
  136.7022,-471.8234
  136.7022,-469.7206
 136.6989,-468.6691
  136.6729,-467.6177
  136.5947,-466.5695
 136.5785,-465.5181
  136.4645,-464.4732
  136.4059,-463.4283
 136.4613,-462.3768
  136.3181,-461.3384
  136.2432,-460.2902
 136.0251,-459.2681
  135.8005,-458.2395
  135.5498,-457.2206
 135.2536,-456.2147
  134.8923,-455.2349
  134.4203,-454.2974
 133.4828,-452.4159
  133.0108,-451.4816
  132.4737,-450.5865
 131.6273,-450.3814
  131.0251,-452.3378
  131.1781,-453.3794
 131.2237,-454.4276
  131.3604,-455.4693
  131.4483,-456.5077
 131.2725,-457.5428
  131.0641,-458.5715
  130.8037,-459.5871
 130.2634,-460.4758
  129.3161,-460.7557
  128.2093,-459.1119
 128.1833,-458.0572
  128.1703,-457.0057
  128.0759,-455.9608
 127.9294,-454.9224
  127.5713,-453.9523
  126.7282,-453.9979
 126.3539,-456.0422
  126.3539,-459.1965
  126.3572,-460.2479
 126.3734,-461.3026
  125.8168,-462.1620
  125.3578,-462.2466
 124.9021,-462.3345
  123.5642,-460.7427
  123.0662,-459.8247
 122.7374,-458.8287
  122.5193,-457.8000
  122.3175,-456.7714
 122.1677,-455.7329
  122.1482,-454.6783
  122.1482,-453.6268
 122.1417,-452.5754
  122.0636,-451.5272
  121.2335,-451.3384
 120.0811,-453.0767
